0 0.066346
1 0.078346
2 0.096346
3 0.102346
4 0.108346
5 0.114346
6 0.120346
7 0.132346
8 0.138346
9 0.144346
10 0.150346
11 0.156346
12 0.162346
13 0.168346
14 0.174346
15 0.180346
16 0.186346
17 0.192346
18 0.198346
19 0.202346
20 0.204346
21 0.210346
22 0.216346
23 0.222346
24 0.228346
25 0.234346
26 0.246346
27 0.252346
28 0.258346
29 0.264346
30 0.270346
31 0.276346
32 0.282346
33 0.288346
34 0.294346
35 0.306346
36 0.312346
37 0.318346
38 0.324346
39 0.330346
40 0.336346
41 0.342346
42 0.348346
43 0.354346
44 0.360346
45 0.366346
46 0.372346
47 0.378346
48 0.384346
49 0.390346
50 0.396346
51 0.402346
52 0.408346
53 0.414346
54 0.420346
55 0.426346
56 0.432346
57 0.438346
58 0.444346
59 0.450346
60 0.456346
61 0.462346
62 0.468346
63 0.474346
64 0.480346
65 0.486346
66 0.498346
67 0.504346
68 0.510346
69 0.516346
70 0.522346
71 0.528346
72 0.532346
73 0.538346
74 0.544346
75 0.550346
76 0.556346
77 0.562346
78 0.568346
79 0.574346
80 0.580346
81 0.586346
82 0.592346
83 0.598346
84 0.604346
85 0.610346
86 0.616346
87 0.622347
88 0.628347
89 0.634347
90 0.640347
91 0.646347
92 0.652347
93 0.658347
94 0.664347
95 0.670347
96 0.676347
97 0.682347
98 0.688347
99 0.694347
100 0.700347
101 0.706347
102 0.712347
103 0.718347
104 0.724346
105 0.730346
106 0.736346
107 0.742346
108 0.748346
109 0.754346
110 0.760346
111 0.766346
112 0.772346
113 0.778346
114 0.784346
115 0.790346
116 0.796346
117 0.802348
118 0.808348
119 0.811348
120 0.814348
121 0.817348
122 0.820348
123 0.823348
124 0.826348
125 0.829348
126 0.832348
127 0.835348
128 0.838348
129 0.841348
130 0.844348
131 0.847348
132 0.850348
133 0.853348
134 0.856348
135 0.859348
136 0.862348
137 0.865348
138 0.868348
139 0.871348
140 0.874348
141 0.877348
142 0.880348
143 0.883348
144 0.886348
145 0.889348
146 0.892348
147 0.895348
148 0.898348
149 0.901348
150 0.904348
151 0.907349
152 0.910349
153 0.913349
154 0.916349
155 0.919349
156 0.922349
157 0.925349
158 0.928349
159 0.931349
160 0.934349
161 0.937349
162 0.943349
163 0.946349
164 0.949349
165 0.952349
166 0.958349
167 0.961349
168 0.964349
169 0.967349
170 0.970349
171 0.973349
172 0.976349
173 0.979349
174 0.982349
175 0.985349
176 0.988349
177 0.991349
178 0.994349
179 0.997349
180 1.000349

