   0      0.0221117 
   1      0.0226482 
   2      0.0231977 
   3      0.0237606 
   4      0.0243370 
   5      0.0249275 
   6      0.0255323 
   7      0.0261518 
   8      0.0267863 
   9      0.0274362 
  10      0.0281018 
  11      0.0287837 
  12      0.0294820 
  13      0.0301973 
  14      0.0309300 
  15      0.0316804 
  16      0.0324490 
  17      0.0332363 
  18      0.0340427 
  19      0.0348687 
  20      0.0357147 
  21      0.0365812 
  22      0.0374687 
  23      0.0383778 
  24      0.0393089 
  25      0.0402627 
  26      0.0412395 
  27      0.0422401 
  28      0.0432649 
  29      0.0443146 
  30      0.0453898 
  31      0.0464911 
  32      0.0476190 
  33      0.0487744 
  34      0.0499578 
  35      0.0511699 
  36      0.0524114 
  37      0.0536830 
  38      0.0549854 
  39      0.0563195 
  40      0.0576860 
  41      0.0590855 
  42      0.0605191 
  43      0.0619874 
  44      0.0634914 
  45      0.0650318 
  46      0.0666096 
  47      0.0682257 
  48      0.0698811 
  49      0.0715765 
  50      0.0733131 
  51      0.0750919 
  52      0.0769138 
  53      0.0787799 
  54      0.0806913 
  55      0.0826490 
  56      0.0846543 
  57      0.0867082 
  58      0.0888119 
  59      0.0909667 
  60      0.0931738 
  61      0.0954344 
  62      0.0977498 
  63      0.1001214 
  64      0.1025506 
  65      0.1050387 
  66      0.1075872 
  67      0.1101975 
  68      0.1128712 
  69      0.1156097 
  70      0.1184146 
  71      0.1212876 
  72      0.1242303 
  73      0.1272445 
  74      0.1303317 
  75      0.1334938 
  76      0.1367327 
  77      0.1400501 
  78      0.1434481 
  79      0.1469285 
  80      0.1504933 
  81      0.1541446 
  82      0.1578845 
  83      0.1617151 
  84      0.1656387 
  85      0.1696575 
  86      0.1737737 
  87      0.1779899 
  88      0.1823083 
  89      0.1867315 
  90      0.1912621 
  91      0.1959025 
  92      0.2006556 
  93      0.2055239 
  94      0.2105104 
  95      0.2156179 
  96      0.2208492 
  97      0.2262075 
  98      0.2316959 
  99      0.2373173 
 100      0.2430752 
 101      0.2489727 
 102      0.2550134 
 103      0.2612006 
 104      0.2675379 
 105      0.2740290 
 106      0.2806776 
 107      0.2874874 
 108      0.2944625 
 109      0.3016069 
 110      0.3089245 
 111      0.3164197 
 112      0.3240968 
 113      0.3319601 
 114      0.3400142 
 115      0.3482637 
 116      0.3567134 
 117      0.3653681 
 118      0.3742327 
 119      0.3833125 
 120      0.3926125 
 121      0.4021382 
 122      0.4118950 
 123      0.4218885 
 124      0.4321245 
 125      0.4426088 
 126      0.4533475 
 127      0.4643467 
 128      0.4756128 
 129      0.4871523 
 130      0.4989717 
 131      0.5110779 
 132      0.5234778 
 133      0.5361785 
 134      0.5491874 
 135      0.5625120 
 136      0.5761598 
 137      0.5901387 
 138      0.6044569 
 139      0.6191223 
 140      0.6341437 
 141      0.6495294 
 142      0.6652885 
 143      0.6814299 
 144      0.6979629 
 145      0.7148971 
 146      0.7322421 
 147      0.7500080 
 148      0.7682049 
 149      0.7868433 
 150      0.8059339 
 151      0.8254877 
 152      0.8455159 
 153      0.8660300 
 154      0.8870419 
 155      0.9085635 
 156      0.9306073 
 157      0.9531860 
 158      0.9763124 
 159      1.0000000 
