1 0.088152
2 0.101652
3 0.115152
4 0.135402
5 0.155652
6 0.175902
7 0.196152
8 0.226527
9 0.256902
10 0.287277
11 0.317652
12 0.348027
13 0.378402
14 0.408777
15 0.439152
16 0.469527
17 0.499902
18 0.530277
19 0.560625
20 0.591027
21 0.621402
22 0.651777
23 0.682152
24 0.712527
25 0.727714
26 0.742902
27 0.758089
28 0.773277
29 0.788464
30 0.803652
31 0.818839
32 0.834027
33 0.849214
34 0.864402
35 0.879589
36 0.894777
37 0.909964
38 0.925152
39 0.940339
40 0.955527
41 0.970714
42 0.985902
43 1.001089
